Num	Fecha	Tipo	Autorizacion	Codigo1	Codigo2	Sucursal	Referencia	Referencia Alfanumerica	Importe
1	09/05/2014	C	134939	51	2	870	2080010861	TRASPS DE 7892 A 108	"660,000.00"
2	09/05/2014	A	3312	15	0	6560	5023293896	5023293896	238.00
3	09/05/2014	A	3312	7	31	6560	5023293896	238	0.00
4	09/05/2014	A	4157	15	0	5986	5025901686	5025901686	120.00
5	09/05/2014	A	4157	7	31	5986	5025901686	120	0.00
6	09/05/2014	A	4322	17	0	870	5026652973	11091	587.00
7	09/05/2014	A	4325	17	0	870	5026652957	11070	"1,943.00"
8	09/05/2014	A	5127	15	0	5983	5023645921	5023645921	203.00
9	09/05/2014	A	5127	7	31	5983	5023645921	203	0.00
10	09/05/2014	A	8826	15	0	5982	5026824465	5026824465	234.00
11	09/05/2014	A	8826	7	31	5982	5026824465	234	0.00
12	09/05/2014	A	11133	17	0	859	893976	PAGO DE MARZO SAN JU	"2,712.00"
13	09/05/2014	A	11225	17	0	859	6683994	5026683994	249.00
14	09/05/2014	A	12919	15	0	65	5023609133	5023609133	486.00
15	09/05/2014	A	12919	7	31	65	5023609133	486	0.00
16	09/05/2014	A	36807	15	0	4337	5023309874	5023309874	60.00
17	09/05/2014	A	36807	7	31	4337	5023309874	60	0.00
18	09/05/2014	A	36963	15	0	5438	5026824663	5026824663	340.00
19	09/05/2014	A	36963	7	31	5438	5026824663	340	0.00
20	09/05/2014	A	42010	15	0	194	5023496143	5023496143	295.00
21	09/05/2014	A	42010	7	31	194	5023496143	295	0.00
22	09/05/2014	A	44714	15	0	4312	5023743742		334.00
23	09/05/2014	A	44714	7	31	4312	5023743742	334	0.00
24	09/05/2014	A	47384	15	0	9111	5026740059	5026740059	57.00
25	09/05/2014	A	47384	7	31	9111	5026740059	57	0.00
26	09/05/2014	A	49859	15	0	9820	5026394774	5026394774	403.00
27	09/05/2014	A	49859	7	31	9820	5026394774	403	0.00
28	09/05/2014	A	88143	15	0	959	5025901629	5025901629	325.00
29	09/05/2014	A	88143	7	31	959	5025901629	325	0.00
30	09/05/2014	A	88342	15	0	959	5023122277	5023122277	98.00
31	09/05/2014	A	88342	7	31	959	5023122277	98	0.00
32	09/05/2014	A	88555	15	0	959	1000012813	1000012813	646.00
33	09/05/2014	A	88555	7	31	959	1000012813	646	0.00
34	09/05/2014	A	89103	15	0	7396	5023896417	5023896417	330.00
35	09/05/2014	A	89103	7	31	7396	5023896417	330	0.00
36	09/05/2014	A	93177	15	0	681	5023298994	5023298994	112.00
37	09/05/2014	A	93177	7	31	681	5023298994	112	0.00
38	09/05/2014	A	96271	15	0	4627	1000032704	1000032704	413.00
39	09/05/2014	A	96271	7	31	4627	1000032704	413	0.00
40	09/05/2014	A	96938	15	0	690	1000044097	1000044097	167.00
41	09/05/2014	A	96938	7	31	690	1000044097	167	0.00
42	09/05/2014	A	98459	15	0	333	5023123010	5023123010	190.00
43	09/05/2014	A	98459	7	31	333	5023123010	190	0.00
44	09/05/2014	A	107626	15	0	6458	5026169887	5026169887	305.00
45	09/05/2014	A	107626	7	31	6458	5026169887	305	0.00
46	09/05/2014	A	113263	15	0	870	5025765305		279.00
47	09/05/2014	A	129556	15	0	209	5023465841	5023465841	291.00
48	09/05/2014	A	129556	7	31	209	5023465841	291	0.00
49	09/05/2014	A	129696	15	0	209	5023376147	5023376147	511.00
50	09/05/2014	A	129696	7	31	209	5023376147	511	0.00
51	09/05/2014	A	134294	15	0	870	5023273138	5023273138	510.00
52	09/05/2014	A	149833	15	0	5036	5026825439	5026825439	219.00
53	09/05/2014	A	149833	7	31	5036	5026825439	219	0.00
54	09/05/2014	A	152443	15	0	870	1111111	5026461748	702.00
55	09/05/2014	A	162032	15	0	4222	5023429508	5023429508	416.00
56	09/05/2014	A	162032	7	31	4222	5023429508	416	0.00
57	09/05/2014	A	162772	15	0	136	5023129462	5023129462	198.00
58	09/05/2014	A	162772	7	31	136	5023129462	198	0.00
59	09/05/2014	A	174035	17	0	859	21800	GAS ABRIL	405.00
60	09/05/2014	A	176568	17	0	859	80514	5026579465	283.00
61	09/05/2014	A	184568	17	0	859	301	5023360349	252.00
62	09/05/2014	A	184619	17	0	859	3619066	5023619066	189.00
63	09/05/2014	A	184781	17	0	859	210476	1000014942 BENJAMIN 	290.00
64	09/05/2014	A	185629	15	0	205	5023132144	5023132144	349.00
65	09/05/2014	A	185629	7	31	205	5023132144	349	0.00
66	09/05/2014	A	186145	15	0	205	5023309254	5023309254	132.00
67	09/05/2014	A	186145	7	31	205	5023309254	132	0.00
68	09/05/2014	A	187284	15	0	5027	5023671307	5023671307	468.00
69	09/05/2014	A	187284	7	31	5027	5023671307	468	0.00
70	09/05/2014	A	187551	15	0	5027	1000038784	1000038784	566.00
71	09/05/2014	A	187551	7	31	5027	1000038784	566	0.00
72	09/05/2014	A	187814	15	0	870	5025765891	Vie05	100.00
73	09/05/2014	A	190950	17	0	859	1	5023770950	630.00
74	09/05/2014	A	193840	17	0	859	403	5025833236	321.00
75	09/05/2014	A	194734	15	0	105	5026634393	5026634393	140.00
76	09/05/2014	A	194734	7	31	105	5026634393	140	0.00
77	09/05/2014	A	196046	15	0	661	5026701622	5026701622	147.00
78	09/05/2014	A	196046	7	31	661	5026701622	147	0.00
79	09/05/2014	A	197976	17	0	859	5	abril  ref 100002099	296.00
80	09/05/2014	A	199510	17	0	859	90514	5026725860	380.00
81	09/05/2014	A	207193	15	0	414	5026537653	5026537653	395.00
82	09/05/2014	A	207193	7	31	414	5026537653	395	0.00
83	09/05/2014	A	207370	15	0	414	5026537646	5026537646	329.00
84	09/05/2014	A	207370	7	31	414	5026537646	329	0.00
85	09/05/2014	A	207371	15	0	414	5023141285	5023141285	196.00
86	09/05/2014	A	207371	7	31	414	5023141285	196	0.00
87	09/05/2014	A	224531	17	0	859	40657	gas D 403  Segovia 6	218.00
88	09/05/2014	A	231260	17	0	859	1	Ref No 5026236843	548.00
89	09/05/2014	A	233958	15	0	563	5023652265	5023652265	270.00
90	09/05/2014	A	233958	7	31	563	5023652265	270	0.00
91	09/05/2014	A	235563	17	0	859	90514	GAS10166781 MAYO	384.00
92	09/05/2014	A	242622	15	0	575	5023306326	5023306326	48.00
93	09/05/2014	A	242622	7	31	575	5023306326	48	0.00
94	09/05/2014	A	242741	15	0	575	5023858425	5023858425	236.00
95	09/05/2014	A	242741	7	31	575	5023858425	236	0.00
96	09/05/2014	A	248294	15	0	4189	5023734394	5023734394	204.00
97	09/05/2014	A	248294	7	31	4189	5023734394	204	0.00
98	09/05/2014	A	248339	15	0	4189	5023618480	5023618480	321.00
99	09/05/2014	A	248339	7	31	4189	5023618480	321	0.00
100	09/05/2014	A	248438	15	0	4189	5026684257	5026684257	317.00
101	09/05/2014	A	248438	7	31	4189	5026684257	317	0.00
102	09/05/2014	A	248613	17	0	859	1	5023953218	204.00
103	09/05/2014	A	273826	15	0	541	5026737923	5026737923	133.00
104	09/05/2014	A	273826	7	31	541	5026737923	133	0.00
105	09/05/2014	A	274479	17	0	859	9052014	5023952525	73.00
106	09/05/2014	A	276757	17	0	859	5026281	5026281146	161.00
107	09/05/2014	A	281065	15	0	4978	1000081644	1000081644	362.00
108	09/05/2014	A	281065	7	31	4978	1000081644	362	0.00
109	09/05/2014	A	281308	17	0	859	90514	5026262971	488.00
110	09/05/2014	A	281465	15	0	160	5026700087	5026700087	256.00
111	09/05/2014	A	281465	7	31	160	5026700087	256	0.00
112	09/05/2014	A	285449	17	0	859	9052014	5023299059	268.00
113	09/05/2014	A	288584	17	0	859	3	5026579374	71.00
114	09/05/2014	A	292574	17	0	859	33165	Consumo Abril Delta 	351.00
115	09/05/2014	A	306551	17	0	859	90514	5026439157	74.00
116	09/05/2014	A	310703	15	0	870	5025765248	DEPTO 406 VITA CENTR	343.00
117	09/05/2014	A	316365	15	0	344	1000026375	1000026375	125.00
118	09/05/2014	A	316365	7	31	344	1000026375	125	0.00
119	09/05/2014	A	320679	17	0	859	5	PAGO CONSUMO	156.00
120	09/05/2014	A	326710	15	0	125	5023393449	5023393449	51.00
121	09/05/2014	A	326710	7	31	125	5023393449	51	0.00
122	09/05/2014	A	332558	17	0	859	9885573	87865  87866  87868	"16,017.60"
123	09/05/2014	A	335470	15	0	241	5026659556	5026659556	177.00
124	09/05/2014	A	335470	7	31	241	5026659556	177	0.00
125	09/05/2014	A	335524	15	0	241	5023135758	5023135758	300.00
126	09/05/2014	A	335524	7	31	241	5023135758	300	0.00
127	09/05/2014	A	335807	15	0	241	1000087229	1000087229	250.00
128	09/05/2014	A	335807	7	31	241	1000087229	250	0.00
129	09/05/2014	A	335837	15	0	241	5025939892	5025939892	245.00
130	09/05/2014	A	335837	7	36	241	5025939892	245	0.00
131	09/05/2014	A	342168	17	0	859	3129876	5023129876 MAYO	74.00
132	09/05/2014	A	349991	15	0	508	5023129173	5023129173	282.00
133	09/05/2014	A	349991	7	31	508	5023129173	282	0.00
134	09/05/2014	A	350123	15	0	508	5023429409	5023429409	88.00
135	09/05/2014	A	350123	7	31	508	5023429409	88	0.00
136	09/05/2014	A	350306	15	0	508	5023270670	5023270670	346.00
137	09/05/2014	A	350306	7	31	508	5023270670	346	0.00
138	09/05/2014	A	350417	15	0	508	5025654699	5025654699	218.00
139	09/05/2014	A	350417	7	31	508	5025654699	218	0.00
140	09/05/2014	A	354365	15	0	197	5026384312	5026384312	"1,471.00"
141	09/05/2014	A	354365	7	31	197	5026384312	1471	0.00
142	09/05/2014	A	354985	17	0	859	90514	5023896391	453.00
143	09/05/2014	A	358929	17	0	859	380	5026048784	380.00
144	09/05/2014	A	376784	17	0	859	90514	5026417260	"7,220.00"
145	09/05/2014	A	377020	15	0	5197	1000010569	1000010569	261.00
146	09/05/2014	A	377020	7	31	5197	1000010569	261	0.00
147	09/05/2014	A	377723	17	0	859	5553585	5025765586 VITA104FE	95.00
148	09/05/2014	A	386276	15	0	5198	5026738988	5026738988	342.00
149	09/05/2014	A	386276	7	31	5198	5026738988	342	0.00
150	09/05/2014	A	388034	17	0	859	3614687	GAS DE ABRIL 2014 MO	254.00
151	09/05/2014	A	401342	15	0	378	5026149053	5026149053	42.00
152	09/05/2014	A	401342	7	31	378	5026149053	42	0.00
153	09/05/2014	A	406459	15	0	283	5023306250	5023306250	511.00
154	09/05/2014	A	406459	7	31	283	5023306250	511	0.00
155	09/05/2014	A	406566	15	0	283	5026347590	5026347590	250.00
156	09/05/2014	A	406566	7	31	283	5026347590	250	0.00
157	09/05/2014	A	406760	15	0	283	5023743601	5023743601	360.00
158	09/05/2014	A	406760	7	31	283	5023743601	360	0.00
159	09/05/2014	A	414812	15	0	8189	5026358886	5026358886	300.00
160	09/05/2014	A	414812	7	31	8189	5026358886	300	0.00
161	09/05/2014	A	414813	15	0	8189	5026359009	5026359009	161.00
162	09/05/2014	A	414813	7	31	8189	5026359009	161	0.00
163	09/05/2014	A	433607	15	0	236	5023359374	5023359374	159.00
164	09/05/2014	A	433607	7	31	236	5023359374	159	0.00
165	09/05/2014	A	441999	15	0	7550	5023551459	5023551459	118.00
166	09/05/2014	A	441999	7	31	7550	5023551459	118	0.00
167	09/05/2014	A	449341	15	0	9602	5023820862	5023820862	243.00
168	09/05/2014	A	449341	7	31	9602	5023820862	243	0.00
169	09/05/2014	A	449499	15	0	9602	5023952988	B304	370.00
170	09/05/2014	A	449499	7	31	9602	5023952988	370	0.00
171	09/05/2014	A	466111	15	0	242	5026575083	5026575083	"6,108.83"
172	09/05/2014	A	466111	7	31	242	5026575083	6108.83	0.00
173	09/05/2014	A	469947	15	0	4154	5023704454	5023704454	710.00
174	09/05/2014	A	469947	7	36	4154	5023704454	710	0.00
175	09/05/2014	A	497703	15	0	7555	5023273195	5023273195	277.00
176	09/05/2014	A	497703	7	31	7555	5023273195	277	0.00
177	09/05/2014	A	502783	15	0	266	5023805285	5023805285	342.00
178	09/05/2014	A	502783	7	31	266	5023805285	342	0.00
179	09/05/2014	A	514336	15	0	4152	5023331597	5023331597	149.00
180	09/05/2014	A	514336	7	31	4152	5023331597	149	0.00
181	09/05/2014	A	515852	15	0	7989	5023207243	5023207243	222.00
182	09/05/2014	A	515852	7	31	7989	5023207243	222	0.00
183	09/05/2014	A	518284	15	0	232	5026592617	5026592617	190.00
184	09/05/2014	A	518284	7	31	232	5026592617	190	0.00
185	09/05/2014	A	531759	15	0	234	5023134785	5023134785	256.00
186	09/05/2014	A	531759	7	31	234	5023134785	256	0.00
187	09/05/2014	A	552046	15	0	321	5023954125	5023954125	264.00
188	09/05/2014	A	552046	7	31	321	5023954125	264	0.00
189	09/05/2014	A	615996	15	0	4086	1000041887	1000041887	320.00
190	09/05/2014	A	615996	7	31	4086	1000041887	320	0.00
191	09/05/2014	A	624727	15	0	4034	5023720484	5023720484	391.00
192	09/05/2014	A	624727	7	31	4034	5023720484	391	0.00
193	09/05/2014	A	649682	15	0	256	5023219982	5023219982	237.00
194	09/05/2014	A	649682	7	31	256	5023219982	237	0.00
195	09/05/2014	A	650092	15	0	256	1000034148	1000034148	"3,241.00"
196	09/05/2014	A	650092	7	31	256	1000034148	3241	0.00
197	09/05/2014	A	652331	15	0	948	5023351108	5023351108	486.00
198	09/05/2014	A	652331	7	31	948	5023351108	486	0.00
199	09/05/2014	A	652923	15	0	948	5023496366	5023496366	73.00
200	09/05/2014	A	652923	7	31	948	5023496366	73	0.00
201	09/05/2014	A	662400	15	0	7259	5026281377	5026281377	269.00
202	09/05/2014	A	662400	7	31	7259	5026281377	269	0.00
203	09/05/2014	A	672718	15	0	4668	1000022267	1000022267	326.00
204	09/05/2014	A	672718	7	31	4668	1000022267	326	0.00
205	09/05/2014	A	672919	15	0	4668	5026740067	5026740067	343.00
206	09/05/2014	A	672919	7	31	4668	5026740067	343	0.00
207	09/05/2014	A	703038	15	0	260	5025993493	5025993493	215.00
208	09/05/2014	A	703038	7	31	260	5025993493	215	0.00
209	09/05/2014	A	703546	15	0	515	5026048404	5026048404	308.00
210	09/05/2014	A	703546	7	31	515	5026048404	308	0.00
211	09/05/2014	A	713080	15	0	4144	1000032928	1000032928	497.00
212	09/05/2014	A	713080	7	31	4144	1000032928	497	0.00
213	09/05/2014	A	715032	15	0	650	5026739200	5026739200	254.00
214	09/05/2014	A	715032	7	31	650	5026739200	254	0.00
215	09/05/2014	A	715330	15	0	650	1000010452	1000010452	472.00
216	09/05/2014	A	715330	7	31	650	1000010452	472	0.00
217	09/05/2014	A	715883	15	0	650	5026737949	5026737949	319.00
218	09/05/2014	A	715883	7	31	650	5026737949	319	0.00
219	09/05/2014	A	721289	15	0	4339	5023274854	5023274854	340.00
220	09/05/2014	A	721289	7	31	4339	5023274854	340	0.00
221	09/05/2014	A	721305	15	0	4339	5023143208	5023143208	176.00
222	09/05/2014	A	721305	7	31	4339	5023143208	176	0.00
223	09/05/2014	A	721352	15	0	4339	5026684208	5026684208	123.00
224	09/05/2014	A	721352	7	31	4339	5026684208	123	0.00
225	09/05/2014	A	721359	15	0	4339	1000036127	1000036127	212.00
226	09/05/2014	A	721359	7	31	4339	1000036127	212	0.00
227	09/05/2014	A	749826	15	0	185	5025618611	5025618611	483.00
228	09/05/2014	A	749826	7	31	185	5025618611	483	0.00
229	09/05/2014	A	755378	15	0	4776	5023991283	2023991283	164.00
230	09/05/2014	A	755378	7	31	4776	5023991283	164	0.00
231	09/05/2014	A	763508	15	0	694	5026305101	5026305101	86.00
232	09/05/2014	A	763508	7	31	694	5026305101	86	0.00
233	09/05/2014	A	763509	15	0	694	5026305101	5026305101	114.00
234	09/05/2014	A	763509	7	31	694	5026305101	114	0.00
235	09/05/2014	A	765875	15	0	4779	5023500910	5023500910	738.00
236	09/05/2014	A	765875	7	31	4779	5023500910	738	0.00
237	09/05/2014	A	781158	15	0	141	1000045680	1000045680	150.00
238	09/05/2014	A	781158	7	31	141	1000045680	150	0.00
239	09/05/2014	A	784848	15	0	9193	5024012253	5024012253	285.00
240	09/05/2014	A	784848	7	31	9193	5024012253	285	0.00
241	09/05/2014	A	784924	15	0	994	1000035996	1000035996	257.00
242	09/05/2014	A	784924	7	31	994	1000035996	257	0.00
243	09/05/2014	A	784998	15	0	9193	5023805459	5023805459	116.00
244	09/05/2014	A	784998	7	31	9193	5023805459	116	0.00
245	09/05/2014	A	814747	15	0	701	5023379109	5023379109	411.00
246	09/05/2014	A	814747	7	31	701	5023379109	411	0.00
247	09/05/2014	A	816812	15	0	746	1000026292	1000026292	414.00
248	09/05/2014	A	816812	7	31	746	1000026292	414	0.00
249	09/05/2014	A	816826	15	0	746	1000026276	1000026276	201.00
250	09/05/2014	A	816826	7	31	746	1000026276	201	0.00
251	09/05/2014	A	843258	15	0	4184	1000053940	1000053940	145.00
252	09/05/2014	A	843258	7	31	4184	1000053940	145	0.00
253	09/05/2014	A	843486	15	0	4184	5023758781	5023758781	232.00
254	09/05/2014	A	843486	7	31	4184	5023758781	232	0.00
255	09/05/2014	A	843494	15	0	4184	5023138570	5023138570	488.00
256	09/05/2014	A	843494	7	31	4184	5023138570	488	0.00
257	09/05/2014	A	843622	15	0	4184	5023496176	5023496176	474.00
258	09/05/2014	A	843622	7	31	4184	5023496176	474	0.00
259	09/05/2014	A	852363	15	0	947	5023704322	5023704322	481.00
260	09/05/2014	A	852363	7	31	947	5023704322	481	0.00
261	09/05/2014	A	874844	15	0	100	5023121477	5023121477	76.00
262	09/05/2014	A	874844	7	31	100	5023121477	76	0.00
263	09/05/2014	A	875058	15	0	100	5026667849	5026667849	249.00
264	09/05/2014	A	875058	7	31	100	5026667849	249	0.00
265	09/05/2014	A	881872	15	0	516	5023769200	5023769200	604.00
266	09/05/2014	A	881872	7	31	516	5023769200	604	0.00
267	09/05/2014	A	889132	15	0	490	5023953069	5023953069	197.00
268	09/05/2014	A	889132	7	31	490	5023953069	197	0.00
269	09/05/2014	A	898930	15	0	4370	1000014512	1000014512	517.00
270	09/05/2014	A	898930	7	31	4370	1000014512	517	0.00
271	09/05/2014	A	908117	15	0	4340	5023742207	5023742207	426.00
272	09/05/2014	A	908117	7	31	4340	5023742207	426	0.00
273	09/05/2014	A	908304	15	0	4340	5023316051	5023316051	307.00
274	09/05/2014	A	908304	7	31	4340	5023316051	307	0.00
275	09/05/2014	A	909877	15	0	4641	1000013381	1000013381	733.00
276	09/05/2014	A	909877	7	31	4641	1000013381	733	0.00
277	09/05/2014	A	932286	15	0	4145	1000033223	1000033223	508.00
278	09/05/2014	A	932286	7	31	4145	1000033223	508	0.00
279	09/05/2014	A	935318	15	0	958	5023127086	5023127086	265.00
280	09/05/2014	A	935318	7	31	958	5023127086	265	0.00
281	09/05/2014	A	949949	15	0	4266	5025565218	5025565218	294.00
282	09/05/2014	A	949949	7	31	4266	5025565218	294	0.00
283	09/05/2014	A	953694	15	0	375	5023805343	5023805343	371.00
284	09/05/2014	A	953694	7	31	375	5023805343	371	0.00
285	09/05/2014	A	953812	15	0	375	5023356214	5023356214	278.00
286	09/05/2014	A	953812	7	31	375	5023356214	278	0.00
287	09/05/2014	A	960514	15	0	991	1000045664	1000045664	407.00
288	09/05/2014	A	960514	7	31	991	1000045664	407	0.00
289	09/05/2014	A	968855	15	0	199	5023359234	5023359234	842.00
290	09/05/2014	A	968855	7	31	199	5023359234	842	0.00
291	09/05/2014	A	971863	15	0	4977	5026552504	5026552504	456.00
292	09/05/2014	A	971863	7	31	4977	5026552504	456	0.00
293	09/05/2014	A	971878	15	0	4977	5026707066	5026707066	94.00
294	09/05/2014	A	971878	7	31	4977	5026707066	94	0.00
295	09/05/2014	A	971994	15	0	4977	5025916304	5025916304	254.00
296	09/05/2014	A	971994	7	31	4977	5025916304	254	0.00
297	09/05/2014	A	998789	15	0	259	1000014769	1000014769	274.00
298	09/05/2014	A	998789	7	31	259	1000014769	274	0.00
